9
1  2  3  4  5  6  7  8  9  45
0  1  2  3  4  5  6  7  8  36
0  0  1  2  3  4  5  6  7  28
0  0  0  1  2  3  4  5  6  21
0  0  0  0  1  2  3  4  5  15
0  0  0  0  0  1  2  3  4  10
0  0  0  0  0  0  1  2  3   6
0  0  0  0  0  0  0  1  2   3
0  0  0  0  0  0  0  0  1   1
Solution:
x1 = 1.000000
x2 = 1.000000
x3 = 1.000000
x4 = 1.000000
x5 = 1.000000
x6 = 1.000000
x7 = 1.000000
x8 = 1.000000
x9 = 1.000000


3
20 15 10 45  
-3 -2.249 7 1.751  
5 1 3 9  


Solution:
x1 = 1.000000
x2 = 1.000000
x3 = 1.000000


3
25 5 1 106.8  
64 8 1 177.2  
144 12 1 279.2  

Solution:
x1 = 0.290476
x2 = 19.690476
x3 = 1.085714

3
10 -7 0 7  
0 2.5 5 2.5  
0 0 6.002 6.002  

Solution:
x1 = 0.000000
x2 = -1.000000
x3 = 1.000000

